################ LinearInterpolationSpectrum.txt #############
3   0
0.00000   0.337900
0.00010   0.337900
0.00011   0.337900
0.00012   0.337900
0.00013   0.337900
0.00014   0.337900
0.00015   0.337900
0.00016   0.337900
0.00018   0.337900
0.00020   0.338000
0.00022   0.338000
0.00024   0.338000
0.00026   0.338000
0.00028   0.338000
0.00030   0.338000
0.00032   0.338000
0.00036   0.338000
0.00040   0.338000
0.00045   0.338000
0.00050   0.338000
0.00055   0.338000
0.00060   0.338000
0.00065   0.338000
0.00070   0.338000
0.00075   0.338000
0.00080   0.338000
0.00085   0.338000
0.00090   0.338000
0.00100   0.338000
0.00110   0.338000
0.00120   0.338000
0.00130   0.338000
0.00140   0.338000
0.00150   0.338000
0.00160   0.338100
0.00180   0.338100
0.00200   0.338100
0.00220   0.338100
0.00240   0.338100
0.00260   0.338100
0.00280   0.338100
0.00300   0.338200
0.00320   0.338200
0.00360   0.338200
0.00400   0.338200
0.00450   0.338300
0.00500   0.338300
0.00550   0.338300
0.00600   0.338500
0.00650   0.338800
0.00700   0.339100
0.00750   0.339400
0.00800   0.339800
0.00850   0.340100
0.00900   0.340400
0.01000   0.341000
0.01100   0.341600
0.01200   0.342200
0.01300   0.342800
0.01400   0.343500
0.01500   0.344100
0.01600   0.344700
0.01800   0.345900
0.02000   0.347200
0.02200   0.348400
0.02400   0.349700
0.02600   0.351000
0.02800   0.352300
0.03000   0.353600
0.03200   0.355000
0.03600   0.357700
0.04000   0.360500
0.04500   0.364100
0.05000   0.367700
0.05500   0.371300
0.06000   0.375000
0.06500   0.378800
0.07000   0.382500
0.07500   0.386300
0.08000   0.390000
0.08500   0.393800
0.09000   0.397500
0.10000   0.405000
0.11000   0.412400
0.12000   0.419700
0.13000   0.426900
0.14000   0.434000
0.15000   0.441000
0.16000   0.447900
0.18000   0.461200
0.20000   0.474000
0.22000   0.486200
0.24000   0.497800
0.26000   0.508900
0.28000   0.519400
0.30000   0.529400
0.32000   0.538700
0.36000   0.555900
0.40000   0.570900
0.45000   0.586800
0.50000   0.599800
0.55000   0.610200
0.60000   0.618100
0.65000   0.623800
0.70000   0.627400
0.75000   0.629200
0.80000   0.629200
0.85000   0.627600
0.90000   0.624500
1.00000   0.614100
1.10000   0.597900
1.20000   0.575600
1.30000   0.546600
1.40000   0.509900
1.50000   0.464700
1.60000   0.410500
1.80000   0.277100
2.00000   0.127600
2.20000   0.014030
2.28010   0.000000



